Parameters:
K = 928
cycle = 18
D1 = 526102
D2 = 633155
alpha_rep1 = 0.01853472
alpha_rep2 = 0.01361968
log_likelihood_rep1 = 379.655303
log_likelihood_rep2 = 1017.662700
convergence_rep1 = 0
convergence_rep2 = 0

Species	N_rep1	r_rep1	N_rep2	r_rep2
1	73021201.211932	0.87874047	73077366.521626	0.87934357
2	5512.239070	0.00006633	2053.209718	0.00002471
3	192928.367501	0.00232171	204847.154328	0.00246494
4	97889.762820	0.00117801	101239.033094	0.00121821
5	41056.677220	0.00049408	44696.796201	0.00053784
6	570.231626	0.00000686	4580.237064	0.00005511
7	46949.070711	0.00056499	45486.492247	0.00054734
8	32123.048381	0.00038657	38695.106251	0.00046562
9	7032.856745	0.00008463	8212.838877	0.00009883
10	24519.960006	0.00029507	13266.893571	0.00015964
11	75080.497697	0.00090352	69809.130464	0.00084002
12	111195.167476	0.00133813	114821.805085	0.00138166
13	315338.090331	0.00379479	305138.552169	0.00367175
14	3041.235348	0.00003660	1105.574462	0.00001330
15	13305.404654	0.00016012	12003.379897	0.00014444
16	144078.524695	0.00173385	144514.376415	0.00173895
17	106823.391660	0.00128552	81496.631944	0.00098065
18	17867.257679	0.00021502	9634.291759	0.00011593
19	13115.327445	0.00015783	19426.522729	0.00023376
20	88575.979561	0.00106593	69335.312836	0.00083432
21	74130.111650	0.00089209	104713.695697	0.00126003
22	22809.265122	0.00027449	24164.699005	0.00029078
23	259265.313569	0.00312001	252544.795506	0.00303888
24	128492.193527	0.00154628	94763.525517	0.00114029
25	73179.725603	0.00088065	72494.097020	0.00087233
26	5892.393489	0.00007091	6001.689948	0.00007222
27	3041.235348	0.00003660	473.817625	0.00000570
28	91617.214911	0.00110253	87498.321894	0.00105287
29	92377.523749	0.00111168	69651.191254	0.00083812
30	65386.560019	0.00078686	64755.075769	0.00077920
31	77931.655837	0.00093783	94131.768680	0.00113269
32	127731.884690	0.00153713	132668.935725	0.00159641
33	16156.562794	0.00019443	31587.841838	0.00038010
34	11404.632560	0.00013724	9002.534922	0.00010833
35	182284.043777	0.00219361	217166.412646	0.00261317
36	161945.782375	0.00194886	148620.795854	0.00178836
37	166887.789819	0.00200834	167731.440167	0.00201832
38	17867.257679	0.00021502	17373.313010	0.00020905
39	2280.926511	0.00002745	1737.331300	0.00002091
40	74320.188859	0.00089437	91604.741333	0.00110228
41	18437.489307	0.00022188	18952.705102	0.00022806
42	112715.785151	0.00135643	104871.634906	0.00126193
43	115566.943291	0.00139074	91446.802124	0.00110038
44	33263.511637	0.00040029	23848.820587	0.00028697
45	16156.562794	0.00019443	7739.021249	0.00009312
46	266678.324734	0.00320922	283342.941300	0.00340948
47	22429.110703	0.00026991	13108.954362	0.00015774
48	43717.758152	0.00052610	52751.695870	0.00063476
49	11214.555351	0.00013496	21005.914821	0.00025277
50	15586.331166	0.00018757	28902.875281	0.00034779
51	4561.853023	0.00005490	5369.933111	0.00006462
52	32123.048381	0.00038657	53225.513498	0.00064047
53	55692.622342	0.00067021	46592.066711	0.00056064
54	10834.400932	0.00013038	10739.866223	0.00012923
55	23189.419541	0.00027906	7739.021249	0.00009312
56	16536.717213	0.00019900	14688.346453	0.00017675
57	7793.165582	0.00009378	3158.784182	0.00003801
58	4561.853023	0.00005490	9792.230968	0.00011783
59	7413.011163	0.00008921	1737.331300	0.00002091
60	180953.503311	0.00217760	185420.631597	0.00223118
61	1140.463255	0.00001372	1579.392090	0.00001900
62	18437.489306	0.00022188	9318.413341	0.00011213
63	16156.562794	0.00019443	25586.151888	0.00030788
64	7793.165583	0.00009378	3632.601809	0.00004371
65	132863.969343	0.00159889	161571.811008	0.00194420
66	107773.777707	0.00129695	72967.914648	0.00087803
67	54552.159085	0.00065648	55120.784008	0.00066327
68	70138.490253	0.00084405	60174.838702	0.00072409
69	34023.820474	0.00040944	23690.881378	0.00028507
70	26800.886519	0.00032252	38221.288624	0.00045992
71	88005.747933	0.00105907	85287.172965	0.00102626
72	5322.161861	0.00006405	7896.960458	0.00009502
73	52651.386992	0.00063361	36641.896532	0.00044091
74	4751.930233	0.00005718	4422.297856	0.00005321
75	5322.161861	0.00006405	7896.960458	0.00009502
76	116707.406547	0.00140446	117822.650060	0.00141777
77	93327.909795	0.00112311	103134.303604	0.00124102
78	13685.559072	0.00016469	7739.021249	0.00009312
79	4371.775814	0.00005261	7739.021249	0.00009312
80	19007.720935	0.00022874	25270.273470	0.00030408
81	3041.235348	0.00003660	1579.392090	0.00001900
82	3801.544186	0.00004575	1737.331300	0.00002091
83	1140.463255	0.00001372	473.817625	0.00000570
84	93898.141423	0.00112997	100133.458630	0.00120491
85	17677.180469	0.00021273	20847.975612	0.00025086
86	22048.956284	0.00026534	29534.632118	0.00035539
87	79642.350721	0.00095842	100923.154676	0.00121441
88	40486.445593	0.00048722	48645.276431	0.00058535
89	3041.235348	0.00003660	473.817625	0.00000570
90	37445.210243	0.00045062	33956.929976	0.00040861
91	32123.048381	0.00038657	26691.726353	0.00032118
92	58543.780482	0.00070452	40590.376762	0.00048843
93	6462.625117	0.00007777	4422.297856	0.00005321
94	7793.165583	0.00009378	22269.428495	0.00026797
95	20908.493028	0.00025161	9002.534922	0.00010833
96	37065.055824	0.00044604	20847.975612	0.00025086
97	8363.397211	0.00010065	18163.009056	0.00021856
98	3421.389767	0.00004117	2211.148926	0.00002661
99	2851.158139	0.00003431	3632.601810	0.00004371
100	19577.952563	0.00023560	34904.565231	0.00042001
101	47709.379548	0.00057414	14688.346453	0.00017675
102	32123.048381	0.00038657	17689.191428	0.00021285
103	2851.158139	0.00003431	631.756836	0.00000760
104	4942.007442	0.00005947	3316.723393	0.00003991
105	44478.066989	0.00053525	40432.437553	0.00048653
106	6652.702326	0.00008006	947.635255	0.00001140
107	33263.511637	0.00040029	22743.246123	0.00027367
108	2090.849302	0.00002516	473.817625	0.00000570
109	2090.849302	0.00002516	1895.270508	0.00002281
110	3231.312558	0.00003889	631.756834	0.00000760
111	60634.629785	0.00072968	68229.738372	0.00082101
112	9693.937676	0.00011666	10897.805433	0.00013113
113	53601.773039	0.00064505	53067.574289	0.00063856
114	33263.511637	0.00040029	33956.929976	0.00040861
115	8553.474420	0.00010293	8528.717295	0.00010263
116	9503.860466	0.00011437	3316.723392	0.00003991
117	20148.184191	0.00024246	29534.632118	0.00035539
118	20908.493028	0.00025161	34272.808394	0.00041241
119	33263.511637	0.00040029	34746.626022	0.00041811
120	2090.849302	0.00002516	1579.392091	0.00001900
121	5512.239070	0.00006633	631.756836	0.00000760
122	2090.849302	0.00002516	3158.784182	0.00003801
123	29271.890240	0.00035226	33483.112348	0.00040290
124	11024.478141	0.00013267	1263.513672	0.00001520
125	49800.228851	0.00059930	40906.255180	0.00049223
126	5512.239070	0.00006633	8528.717295	0.00010263
127	11024.478141	0.00013267	8370.778086	0.00010073
128	7413.011163	0.00008921	4580.237065	0.00005511
129	85154.589793	0.00102475	98712.005747	0.00118781
130	52461.309782	0.00063132	40748.315971	0.00049033
131	34974.206521	0.00042088	39168.923879	0.00047132
132	21478.724656	0.00025848	24006.759796	0.00028887
133	950.386046	0.00001144	1895.270508	0.00002281
134	35544.438149	0.00042774	28744.936072	0.00034589
135	31362.739543	0.00037742	32377.537884	0.00038960
136	4751.930233	0.00005718	473.817625	0.00000570
137	12355.018607	0.00014868	17689.191428	0.00021285
138	5132.084652	0.00006176	3474.662601	0.00004181
139	43337.603733	0.00052153	37115.714159	0.00044662
140	26610.809309	0.00032024	17531.252219	0.00021095
141	32313.125590	0.00038886	38221.288624	0.00045992
142	18817.643725	0.00022645	36799.835741	0.00044281
143	8743.551629	0.00010522	4106.419437	0.00004941
144	1330.540464	0.00001601	1579.392091	0.00001900
145	30032.199078	0.00036141	32219.598674	0.00038770
146	3991.621396	0.00004804	2053.209718	0.00002471
147	74700.343278	0.00089895	93657.951053	0.00112699
148	98650.071658	0.00118716	98712.005747	0.00118781
149	72419.416766	0.00087150	49434.972477	0.00059485
150	380.154417	0.00000457	315.878418	0.00000380
151	54742.236295	0.00065877	55436.662427	0.00066707
152	2280.926511	0.00002745	6791.385993	0.00008172
153	7032.856745	0.00008463	4738.176275	0.00005701
154	5132.084652	0.00006176	1895.270508	0.00002281
155	16156.562794	0.00019443	9950.170178	0.00011973
156	3041.235349	0.00003660	1579.392091	0.00001900
157	9503.860467	0.00011437	3474.662601	0.00004181
158	6462.625117	0.00007777	8686.656504	0.00010453
159	53601.773039	0.00064505	31745.781047	0.00038200
160	7222.933954	0.00008692	947.635256	0.00001140
161	17487.103260	0.00021044	12793.075943	0.00015394
162	8743.551629	0.00010522	11055.744642	0.00013303
163	11594.709770	0.00013953	10739.866224	0.00012923
164	25090.191634	0.00030194	15635.981709	0.00018815
165	4371.775814	0.00005261	315.878416	0.00000380
166	10264.169304	0.00012352	1579.392091	0.00001900
167	13305.404654	0.00016012	6633.446784	0.00007982
168	18627.566516	0.00022416	13898.650407	0.00016724
169	5702.316280	0.00006862	1421.452881	0.00001710
170	5702.316279	0.00006862	2369.088136	0.00002851
171	15966.485585	0.00019214	15478.042499	0.00018625
172	157003.774932	0.00188939	132668.935725	0.00159641
173	1900.772092	0.00002287	1737.331300	0.00002091
174	15206.176747	0.00018299	19584.461939	0.00023566
175	36494.824196	0.00043918	29376.692909	0.00035349
176	2280.926511	0.00002745	473.817625	0.00000570
177	1900.772092	0.00002287	2369.088136	0.00002851
178	760.308836	0.00000915	947.635254	0.00001140
179	950.386046	0.00001144	473.817628	0.00000570
180	3231.312558	0.00003889	1737.331299	0.00002091
181	22619.187913	0.00027220	23059.124541	0.00027747
182	16536.717213	0.00019900	10897.805432	0.00013113
183	6842.779535	0.00008235	7581.082039	0.00009122
184	21288.647447	0.00025619	25112.334261	0.00030218
185	1710.694883	0.00002059	1105.574462	0.00001330
186	75270.574906	0.00090581	80233.118271	0.00096545
187	16536.717213	0.00019900	10266.048596	0.00012353
188	11784.786979	0.00014182	14056.589617	0.00016914
189	950.386046	0.00001144	1105.574463	0.00001330
190	35354.360940	0.00042546	35536.322068	0.00042761
191	2090.849301	0.00002516	473.817625	0.00000570
192	1330.540466	0.00001601	1737.331300	0.00002091
193	1330.540464	0.00001601	789.696044	0.00000950
194	11404.632560	0.00013724	22585.306914	0.00027177
195	1900.772092	0.00002287	1105.574462	0.00001330
196	11214.555351	0.00013496	6633.446784	0.00007982
197	6462.625117	0.00007777	4106.419437	0.00004941
198	35734.515359	0.00043003	35694.261277	0.00042951
199	16156.562795	0.00019443	10423.987805	0.00012543
200	11024.478141	0.00013267	30798.145792	0.00037060
201	12545.095817	0.00015097	24480.577424	0.00029458
202	25280.268844	0.00030422	11371.623060	0.00013684
203	950.386048	0.00001144	1421.452881	0.00001710
204	26230.654890	0.00031566	45170.613829	0.00054354
205	19768.029772	0.00023789	27955.240026	0.00033639
206	15966.485585	0.00019214	3948.480228	0.00004751
207	2471.003721	0.00002974	1895.270508	0.00002281
208	1140.463256	0.00001372	1421.452881	0.00001710
209	24329.882797	0.00029279	27323.483189	0.00032878
210	18247.412097	0.00021959	10108.109387	0.00012163
211	3421.389767	0.00004117	947.635254	0.00001140
212	19387.875354	0.00023331	17531.252219	0.00021095
213	15966.485585	0.00019214	2053.209718	0.00002471
214	570.231626	0.00000686	315.878418	0.00000380
215	5892.393489	0.00007091	4106.419437	0.00004941
216	1520.617673	0.00001830	1263.513671	0.00001520
217	14826.022329	0.00017842	33798.990766	0.00040670
218	16156.562794	0.00019443	8686.656504	0.00010453
219	18437.489307	0.00022188	16109.799336	0.00019385
220	9503.860467	0.00011437	1105.574463	0.00001330
221	42387.217686	0.00051009	30798.145792	0.00037060
222	2471.003721	0.00002974	1421.452880	0.00001710
223	13685.559073	0.00016469	14846.285662	0.00017865
224	38205.519080	0.00045977	57489.872146	0.00069178
225	20528.338610	0.00024704	27481.422398	0.00033069
226	7413.011164	0.00008921	10108.109387	0.00012163
227	11404.632560	0.00013724	2527.027345	0.00003041
228	1330.540464	0.00001601	1263.513671	0.00001520
229	16916.871632	0.00020358	10897.805433	0.00013113
230	3991.621395	0.00004804	1263.513672	0.00001520
231	18627.566516	0.00022416	23848.820587	0.00028697
232	4181.698605	0.00005032	4422.297856	0.00005321
233	2661.080929	0.00003202	631.756837	0.00000760
234	5702.316279	0.00006862	2684.966554	0.00003231
235	5512.239070	0.00006633	2369.088136	0.00002851
236	4371.775815	0.00005261	4580.237064	0.00005511
237	23949.728378	0.00028821	21953.550077	0.00026417
238	7793.165582	0.00009378	12319.258315	0.00014824
239	3421.389767	0.00004117	6159.629157	0.00007412
240	7603.088373	0.00009150	3790.541019	0.00004561
241	27751.272565	0.00033396	17215.373800	0.00020715
242	8933.628839	0.00010751	7896.960458	0.00009502
243	2090.849302	0.00002516	631.756836	0.00000760
244	1900.772092	0.00002287	1263.513671	0.00001520
245	17106.948841	0.00020587	8212.838877	0.00009883
246	11974.864188	0.00014411	12635.136734	0.00015204
247	950.386046	0.00001144	4738.176274	0.00005701
248	2280.926511	0.00002745	2211.148928	0.00002661
249	9503.860466	0.00011437	8686.656504	0.00010453
250	12355.018607	0.00014868	13740.711198	0.00016534
251	35544.438149	0.00042774	33009.294721	0.00039720
252	2471.003720	0.00002974	473.817625	0.00000570
253	24710.037216	0.00029736	24480.577424	0.00029458
254	21288.647447	0.00025619	23375.002960	0.00028127
255	12545.095816	0.00015097	12635.136734	0.00015204
256	760.308835	0.00000915	947.635254	0.00001140
257	3991.621396	0.00004804	5527.872320	0.00006652
258	4181.698604	0.00005032	631.756834	0.00000760
259	24139.805588	0.00029050	18952.705102	0.00022806
260	1520.617673	0.00001830	789.696044	0.00000950
261	16156.562794	0.00019443	15478.042500	0.00018625
262	760.308838	0.00000915	315.878418	0.00000380
263	3991.621395	0.00004804	4580.237065	0.00005511
264	16156.562794	0.00019443	20847.975612	0.00025086
265	1900.772093	0.00002287	2053.209717	0.00002471
266	3801.544186	0.00004575	1737.331300	0.00002091
267	1710.694884	0.00002059	473.817625	0.00000570
268	5702.316280	0.00006862	8054.899667	0.00009693
269	10264.169304	0.00012352	5843.750738	0.00007032
270	5512.239070	0.00006633	4738.176274	0.00005701
271	1900.772092	0.00002287	1737.331299	0.00002091
272	760.308835	0.00000915	2684.966554	0.00003231
273	570.231626	0.00000686	3948.480228	0.00004751
274	3611.466976	0.00004346	3000.844973	0.00003611
275	5892.393489	0.00007091	8528.717295	0.00010263
276	7032.856745	0.00008463	4264.358646	0.00005131
277	1710.694883	0.00002059	947.635254	0.00001140
278	11404.632561	0.00013724	8054.899667	0.00009693
279	5892.393489	0.00007091	1263.513671	0.00001520
280	12164.941398	0.00014639	8212.838876	0.00009883
281	8743.551629	0.00010522	10739.866223	0.00012923
282	760.308835	0.00000915	3000.844973	0.00003611
283	4181.698605	0.00005032	4422.297856	0.00005321
284	2090.849302	0.00002516	3948.480229	0.00004751
285	4942.007442	0.00005947	473.817625	0.00000570
286	8363.397211	0.00010065	6949.325203	0.00008362
287	1330.540464	0.00001601	3316.723391	0.00003991
288	22999.342331	0.00027678	28271.118445	0.00034019
289	4371.775814	0.00005261	1737.331299	0.00002091
290	1710.694884	0.00002059	1105.574462	0.00001330
291	1710.694882	0.00002059	3000.844973	0.00003611
292	5702.316280	0.00006862	1895.270509	0.00002281
293	19197.798144	0.00023103	25270.273470	0.00030408
294	1140.463255	0.00001372	631.756834	0.00000760
295	20528.338610	0.00024704	15004.224872	0.00018055
296	7222.933954	0.00008692	20847.975612	0.00025086
297	3231.312558	0.00003889	473.817625	0.00000570
298	13305.404654	0.00016012	11055.744642	0.00013303
299	4751.930233	0.00005718	4422.297856	0.00005321
300	10454.246513	0.00012581	21637.671658	0.00026037
301	2851.158139	0.00003431	1263.513672	0.00001520
302	3801.544186	0.00004575	1263.513673	0.00001520
303	11784.786979	0.00014182	17057.434591	0.00020525
304	2090.849302	0.00002516	473.817628	0.00000570
305	760.308836	0.00000915	1263.513672	0.00001520
306	7983.242792	0.00009607	8054.899667	0.00009693
307	50940.692108	0.00061302	50382.607732	0.00060626
308	10074.092095	0.00012123	4896.115483	0.00005892
309	10264.169304	0.00012352	10739.866224	0.00012923
310	8743.551629	0.00010522	4896.115483	0.00005892
311	1900.772092	0.00002287	2369.088136	0.00002851
312	11404.632560	0.00013724	12003.379897	0.00014444
313	14445.867910	0.00017384	19900.340357	0.00023946
314	6272.547908	0.00007548	7739.021248	0.00009312
315	1710.694883	0.00002059	3790.541018	0.00004561
316	1710.694882	0.00002059	4580.237065	0.00005511
317	2661.080930	0.00003202	2369.088136	0.00002851
318	7793.165582	0.00009378	6159.629157	0.00007412
319	1330.540465	0.00001601	631.756834	0.00000760
320	760.308835	0.00000915	1421.452881	0.00001710
321	8363.397210	0.00010065	8844.595713	0.00010643
322	8553.474420	0.00010293	4738.176274	0.00005701
323	1330.540464	0.00001601	7265.203621	0.00008742
324	3231.312558	0.00003889	631.756838	0.00000760
325	12735.173026	0.00015326	12793.075943	0.00015394
326	11214.555351	0.00013496	11055.744642	0.00013303
327	1710.694882	0.00002059	315.878418	0.00000380
328	760.308835	0.00000915	631.756834	0.00000760
329	2661.080929	0.00003202	789.696044	0.00000950
330	3611.466976	0.00004346	631.756836	0.00000760
331	2090.849301	0.00002516	631.756836	0.00000760
332	3801.544186	0.00004575	1737.331299	0.00002091
333	1520.617673	0.00001830	947.635254	0.00001140
334	1900.772093	0.00002287	1421.452880	0.00001710
335	7793.165582	0.00009378	12477.197525	0.00015014
336	6272.547908	0.00007548	1421.452882	0.00001710
337	4181.698604	0.00005032	1895.270509	0.00002281
338	1330.540466	0.00001601	631.756834	0.00000760
339	570.231629	0.00000686	3474.662600	0.00004181
340	8553.474420	0.00010293	7107.264412	0.00008552
341	28891.735822	0.00034768	38379.227833	0.00046182
342	1330.540464	0.00001601	315.878418	0.00000380
343	760.308837	0.00000915	3790.541019	0.00004561
344	8173.320001	0.00009836	2211.148927	0.00002661
345	11024.478142	0.00013267	6317.568366	0.00007602
346	4751.930233	0.00005718	3790.541019	0.00004561
347	3231.312557	0.00003889	473.817625	0.00000570
348	3801.544187	0.00004575	3948.480229	0.00004751
349	3041.235348	0.00003660	1421.452881	0.00001710
350	7032.856745	0.00008463	1421.452883	0.00001710
351	21098.570238	0.00025390	17847.130637	0.00021476
352	3991.621395	0.00004804	1421.452881	0.00001710
353	6462.625117	0.00007777	12003.379897	0.00014444
354	1140.463254	0.00001372	1105.574462	0.00001330
355	570.231627	0.00000686	1263.513671	0.00001520
356	2661.080930	0.00003202	473.817625	0.00000570
357	2661.080929	0.00003202	5527.872320	0.00006652
358	3991.621396	0.00004804	473.817625	0.00000570
359	2851.158139	0.00003431	789.696046	0.00000950
360	7983.242792	0.00009607	789.696046	0.00000950
361	380.154419	0.00000457	1421.452881	0.00001710
362	3421.389767	0.00004117	4738.176275	0.00005701
363	7603.088373	0.00009150	3632.601810	0.00004371
364	4751.930233	0.00005718	13582.771989	0.00016344
365	1710.694883	0.00002059	2053.209718	0.00002471
366	950.386047	0.00001144	947.635254	0.00001140
367	11214.555351	0.00013496	3158.784182	0.00003801
368	12925.250236	0.00015554	10739.866224	0.00012923
369	2471.003720	0.00002974	1263.513672	0.00001520
370	4751.930232	0.00005718	4738.176274	0.00005701
371	2471.003721	0.00002974	11055.744642	0.00013303
372	3801.544186	0.00004575	1263.513672	0.00001520
373	10264.169304	0.00012352	7107.264412	0.00008552
374	3611.466976	0.00004346	1737.331300	0.00002091
375	3991.621395	0.00004804	473.817625	0.00000570
376	3801.544186	0.00004575	6791.385993	0.00008172
377	3231.312558	0.00003889	4738.176274	0.00005701
378	760.308835	0.00000915	789.696045	0.00000950
379	7222.933954	0.00008692	6001.689948	0.00007222
380	2280.926511	0.00002745	631.756836	0.00000760
381	9693.937676	0.00011666	10897.805433	0.00013113
382	7222.933954	0.00008692	11845.440688	0.00014254
383	3231.312558	0.00003889	631.756834	0.00000760
384	6652.702326	0.00008006	3632.601809	0.00004371
385	5512.239070	0.00006633	7107.264413	0.00008552
386	8173.320002	0.00009836	14056.589617	0.00016914
387	3041.235348	0.00003660	1737.331300	0.00002091
388	15206.176748	0.00018299	14688.346453	0.00017675
389	380.154419	0.00000457	1105.574462	0.00001330
390	1900.772092	0.00002287	947.635253	0.00001140
391	6082.470698	0.00007320	1263.513672	0.00001520
392	1140.463254	0.00001372	947.635253	0.00001140
393	1520.617673	0.00001830	789.696045	0.00000950
394	1140.463254	0.00001372	1421.452881	0.00001710
395	1520.617674	0.00001830	1263.513672	0.00001520
396	4942.007442	0.00005947	947.635254	0.00001140
397	950.386047	0.00001144	1737.331299	0.00002091
398	18437.489307	0.00022188	12793.075943	0.00015394
399	1900.772092	0.00002287	947.635253	0.00001140
400	950.386045	0.00001144	1421.452881	0.00001710
401	1900.772092	0.00002287	1263.513672	0.00001520
402	14445.867910	0.00017384	7423.142830	0.00008932
403	2280.926511	0.00002745	789.696044	0.00000950
404	2471.003720	0.00002974	2842.905764	0.00003421
405	8553.474420	0.00010293	9950.170177	0.00011973
406	2661.080929	0.00003202	315.878418	0.00000380
407	3421.389768	0.00004117	1105.574465	0.00001330
408	3421.389767	0.00004117	473.817627	0.00000570
409	4181.698604	0.00005032	7265.203621	0.00008742
410	3231.312558	0.00003889	4896.115483	0.00005892
411	10074.092095	0.00012123	17215.373800	0.00020715
412	2090.849301	0.00002516	473.817627	0.00000570
413	5322.161861	0.00006405	13582.771989	0.00016344
414	3611.466977	0.00004346	3000.844973	0.00003611
415	1140.463255	0.00001372	1105.574462	0.00001330
416	950.386046	0.00001144	2369.088138	0.00002851
417	380.154419	0.00000457	1421.452883	0.00001710
418	1140.463254	0.00001372	789.696044	0.00000950
419	1140.463254	0.00001372	1737.331299	0.00002091
420	1520.617673	0.00001830	1895.270509	0.00002281
421	14635.945119	0.00017613	8054.899667	0.00009693
422	5322.161861	0.00006405	5211.993901	0.00006272
423	17867.257679	0.00021502	15793.920918	0.00019005
424	9123.706048	0.00010980	10581.927015	0.00012733
425	5702.316279	0.00006862	2527.027345	0.00003041
426	2471.003720	0.00002974	631.756836	0.00000760
427	4942.007442	0.00005947	3000.844974	0.00003611
428	1900.772092	0.00002287	4580.237065	0.00005511
429	380.154419	0.00000457	1421.452882	0.00001710
430	4751.930233	0.00005718	631.756836	0.00000760
431	950.386048	0.00001144	947.635254	0.00001140
432	3041.235348	0.00003660	789.696045	0.00000950
433	4371.775813	0.00005261	3474.662601	0.00004181
434	2851.158139	0.00003431	1421.452881	0.00001710
435	2280.926512	0.00002745	1421.452884	0.00001710
436	1900.772092	0.00002287	631.756836	0.00000760
437	7983.242792	0.00009607	3316.723391	0.00003991
438	13685.559073	0.00016469	24480.577424	0.00029458
439	6272.547908	0.00007548	2527.027346	0.00003041
440	2090.849302	0.00002516	6001.689947	0.00007222
441	3041.235348	0.00003660	3948.480228	0.00004751
442	2661.080930	0.00003202	4264.358647	0.00005131
443	6842.779535	0.00008235	8528.717295	0.00010263
444	4371.775814	0.00005261	2527.027346	0.00003041
445	6272.547908	0.00007548	7423.142831	0.00008932
446	950.386046	0.00001144	789.696045	0.00000950
447	6272.547908	0.00007548	5527.872320	0.00006652
448	6272.547908	0.00007548	4896.115483	0.00005892
449	3041.235349	0.00003660	3316.723392	0.00003991
450	7413.011164	0.00008921	5369.933111	0.00006462
451	1330.540465	0.00001601	4738.176274	0.00005701
452	2280.926511	0.00002745	4580.237065	0.00005511
453	950.386047	0.00001144	4422.297856	0.00005321
454	950.386045	0.00001144	2369.088136	0.00002851
455	950.386046	0.00001144	1105.574465	0.00001330
456	2090.849303	0.00002516	3158.784183	0.00003801
457	16726.794422	0.00020129	12003.379897	0.00014444
458	950.386046	0.00001144	631.756834	0.00000760
459	2851.158139	0.00003431	1579.392090	0.00001900
460	4751.930233	0.00005718	473.817625	0.00000570
461	8743.551630	0.00010522	12003.379897	0.00014444
462	1520.617676	0.00001830	1421.452882	0.00001710
463	760.308836	0.00000915	2053.209718	0.00002471
464	3041.235348	0.00003660	2842.905764	0.00003421
465	2090.849303	0.00002516	6475.507575	0.00007792
466	4751.930232	0.00005718	3158.784182	0.00003801
467	3991.621395	0.00004804	7265.203621	0.00008742
468	3991.621395	0.00004804	7739.021249	0.00009312
469	4942.007442	0.00005947	9476.352550	0.00011403
470	4181.698604	0.00005032	789.696044	0.00000950
471	1330.540464	0.00001601	1263.513672	0.00001520
472	2661.080929	0.00003202	315.878416	0.00000380
473	1710.694882	0.00002059	1895.270509	0.00002281
474	6652.702326	0.00008006	11371.623060	0.00013684
475	2090.849302	0.00002516	3474.662600	0.00004181
476	3231.312558	0.00003889	1895.270509	0.00002281
477	2280.926510	0.00002745	789.696045	0.00000950
478	950.386046	0.00001144	1579.392090	0.00001900
479	3801.544186	0.00004575	4264.358646	0.00005131
480	7983.242792	0.00009607	4264.358646	0.00005131
481	760.308836	0.00000915	631.756836	0.00000760
482	1140.463254	0.00001372	947.635255	0.00001140
483	2090.849302	0.00002516	947.635254	0.00001140
484	3421.389767	0.00004117	6949.325203	0.00008362
485	6082.470698	0.00007320	16583.616964	0.00019955
486	1900.772092	0.00002287	1421.452883	0.00001710
487	1710.694883	0.00002059	13582.771989	0.00016344
488	760.308836	0.00000915	473.817625	0.00000570
489	3611.466976	0.00004346	3790.541019	0.00004561
490	3421.389767	0.00004117	631.756834	0.00000760
491	2280.926513	0.00002745	6791.385994	0.00008172
492	380.154419	0.00000457	2369.088136	0.00002851
493	2280.926510	0.00002745	5054.054692	0.00006082
494	1140.463255	0.00001372	789.696045	0.00000950
495	1330.540464	0.00001601	2684.966554	0.00003231
496	4181.698605	0.00005032	3474.662601	0.00004181
497	1900.772093	0.00002287	1421.452884	0.00001710
498	2661.080930	0.00003202	473.817625	0.00000570
499	3611.466976	0.00004346	473.817625	0.00000570
500	1330.540464	0.00001601	789.696044	0.00000950
501	2851.158139	0.00003431	2211.148926	0.00002661
502	4371.775813	0.00005261	2684.966554	0.00003231
503	6652.702326	0.00008006	8054.899667	0.00009693
504	570.231626	0.00000686	1421.452883	0.00001710
505	380.154419	0.00000457	1737.331299	0.00002091
506	950.386048	0.00001144	2211.148930	0.00002661
507	760.308838	0.00000915	947.635255	0.00001140
508	950.386046	0.00001144	2684.966556	0.00003231
509	1900.772093	0.00002287	1105.574464	0.00001330
510	1520.617673	0.00001830	315.878418	0.00000380
511	4371.775814	0.00005261	2842.905763	0.00003421
512	1520.617674	0.00001830	8212.838876	0.00009883
513	8553.474419	0.00010293	5527.872320	0.00006652
514	2851.158140	0.00003431	2842.905764	0.00003421
515	3421.389767	0.00004117	473.817625	0.00000570
516	3041.235348	0.00003660	947.635254	0.00001140
517	3231.312558	0.00003889	7265.203621	0.00008742
518	2851.158139	0.00003431	1105.574464	0.00001330
519	10074.092095	0.00012123	10581.927014	0.00012733
520	570.231626	0.00000686	1105.574462	0.00001330
521	10644.323723	0.00012809	12635.136734	0.00015204
522	760.308837	0.00000915	1579.392090	0.00001900
523	4181.698605	0.00005032	3158.784182	0.00003801
524	570.231629	0.00000686	315.878418	0.00000380
525	7603.088373	0.00009150	5685.811529	0.00006842
526	1330.540464	0.00001601	3000.844973	0.00003611
527	2471.003720	0.00002974	3790.541019	0.00004561
528	760.308836	0.00000915	2527.027345	0.00003041
529	760.308838	0.00000915	4106.419437	0.00004941
530	1520.617673	0.00001830	631.756834	0.00000760
531	570.231626	0.00000686	947.635253	0.00001140
532	760.308836	0.00000915	631.756836	0.00000760
533	1330.540464	0.00001601	2211.148927	0.00002661
534	950.386046	0.00001144	1263.513671	0.00001520
535	2661.080929	0.00003202	2053.209717	0.00002471
536	2661.080929	0.00003202	3316.723391	0.00003991
537	1330.540464	0.00001601	1105.574462	0.00001330
538	2280.926511	0.00002745	3948.480228	0.00004751
539	1520.617674	0.00001830	1895.270508	0.00002281
540	8933.628838	0.00010751	4264.358646	0.00005131
541	570.231629	0.00000686	473.817625	0.00000570
542	2280.926511	0.00002745	631.756834	0.00000760
543	1900.772093	0.00002287	1421.452881	0.00001710
544	1330.540465	0.00001601	3158.784182	0.00003801
545	1520.617673	0.00001830	473.817627	0.00000570
546	6652.702326	0.00008006	13108.954361	0.00015774
547	1710.694882	0.00002059	2842.905764	0.00003421
548	570.231626	0.00000686	2211.148927	0.00002661
549	1710.694884	0.00002059	3158.784185	0.00003801
550	950.386046	0.00001144	1579.392090	0.00001900
551	1330.540465	0.00001601	1579.392090	0.00001900
552	4371.775813	0.00005261	1421.452881	0.00001710
553	1330.540467	0.00001601	473.817627	0.00000570
554	4371.775814	0.00005261	631.756836	0.00000760
555	1900.772092	0.00002287	1579.392091	0.00001900
556	1520.617673	0.00001830	315.878418	0.00000380
557	3041.235348	0.00003660	1263.513674	0.00001520
558	1520.617674	0.00001830	2527.027346	0.00003041
559	5322.161861	0.00006405	1263.513672	0.00001520
560	4942.007442	0.00005947	7107.264412	0.00008552
561	1520.617673	0.00001830	2369.088137	0.00002851
562	1140.463255	0.00001372	473.817625	0.00000570
563	950.386046	0.00001144	2842.905763	0.00003421
564	5322.161861	0.00006405	10739.866223	0.00012923
565	950.386046	0.00001144	473.817625	0.00000570
566	570.231626	0.00000686	1105.574462	0.00001330
567	950.386045	0.00001144	4896.115483	0.00005892
568	380.154419	0.00000457	631.756834	0.00000760
569	3991.621395	0.00004804	947.635253	0.00001140
570	3231.312559	0.00003889	1421.452882	0.00001710
571	2280.926511	0.00002745	1421.452881	0.00001710
572	950.386048	0.00001144	1895.270512	0.00002281
573	2280.926511	0.00002745	1105.574463	0.00001330
574	760.308836	0.00000915	1895.270508	0.00002281
575	760.308838	0.00000915	789.696046	0.00000950
576	1140.463254	0.00001372	473.817625	0.00000570
577	1710.694884	0.00002059	1737.331301	0.00002091
578	2280.926511	0.00002745	2211.148927	0.00002661
579	6082.470698	0.00007320	15162.164081	0.00018245
580	11594.709770	0.00013953	8370.778086	0.00010073
581	950.386046	0.00001144	631.756834	0.00000760
582	5322.161861	0.00006405	2211.148928	0.00002661
583	1900.772092	0.00002287	5211.993902	0.00006272
584	950.386046	0.00001144	2053.209717	0.00002471
585	4751.930232	0.00005718	9318.413341	0.00011213
586	3041.235348	0.00003660	947.635254	0.00001140
587	1140.463254	0.00001372	473.817628	0.00000570
588	1330.540465	0.00001601	1421.452881	0.00001710
589	570.231627	0.00000686	2053.209718	0.00002471
590	7032.856745	0.00008463	1895.270509	0.00002281
591	3231.312557	0.00003889	789.696046	0.00000950
592	3421.389767	0.00004117	1105.574463	0.00001330
593	7222.933954	0.00008692	1737.331299	0.00002091
594	2090.849302	0.00002516	631.756834	0.00000760
595	1520.617673	0.00001830	11055.744642	0.00013303
596	2090.849302	0.00002516	631.756838	0.00000760
597	1330.540464	0.00001601	2684.966554	0.00003231
598	1900.772092	0.00002287	6633.446784	0.00007982
599	4371.775815	0.00005261	3948.480229	0.00004751
600	380.154417	0.00000457	2211.148927	0.00002661
601	2851.158139	0.00003431	2211.148926	0.00002661
602	950.386045	0.00001144	789.696045	0.00000950
603	950.386048	0.00001144	473.817625	0.00000570
604	1710.694883	0.00002059	789.696045	0.00000950
605	3421.389767	0.00004117	789.696044	0.00000950
606	1140.463255	0.00001372	631.756834	0.00000760
607	380.154419	0.00000457	1579.392090	0.00001900
608	1900.772092	0.00002287	3948.480229	0.00004751
609	1330.540464	0.00001601	947.635254	0.00001140
610	950.386046	0.00001144	789.696046	0.00000950
611	1520.617674	0.00001830	473.817625	0.00000570
612	1140.463255	0.00001372	473.817625	0.00000570
613	950.386046	0.00001144	789.696046	0.00000950
614	950.386046	0.00001144	1105.574463	0.00001330
615	1330.540465	0.00001601	631.756836	0.00000760
616	2661.080929	0.00003202	1579.392091	0.00001900
617	2090.849301	0.00002516	3316.723391	0.00003991
618	3421.389767	0.00004117	1263.513674	0.00001520
619	2661.080929	0.00003202	1421.452880	0.00001710
620	570.231627	0.00000686	789.696045	0.00000950
621	1520.617673	0.00001830	1263.513672	0.00001520
622	2280.926511	0.00002745	315.878418	0.00000380
623	1330.540465	0.00001601	1579.392090	0.00001900
624	1520.617673	0.00001830	3158.784182	0.00003801
625	4561.853023	0.00005490	789.696044	0.00000950
626	3041.235349	0.00003660	947.635253	0.00001140
627	1520.617673	0.00001830	2053.209718	0.00002471
628	760.308836	0.00000915	789.696044	0.00000950
629	2090.849302	0.00002516	1579.392090	0.00001900
630	1520.617673	0.00001830	2369.088136	0.00002851
631	2090.849302	0.00002516	631.756834	0.00000760
632	3611.466976	0.00004346	3632.601810	0.00004371
633	1520.617674	0.00001830	2684.966554	0.00003231
634	2090.849301	0.00002516	3158.784182	0.00003801
635	570.231626	0.00000686	631.756836	0.00000760
636	2280.926511	0.00002745	1895.270508	0.00002281
637	5702.316279	0.00006862	5527.872320	0.00006652
638	2090.849301	0.00002516	473.817625	0.00000570
639	760.308836	0.00000915	947.635254	0.00001140
640	570.231627	0.00000686	6633.446784	0.00007982
641	4561.853024	0.00005490	2527.027345	0.00003041
642	1140.463255	0.00001372	1263.513673	0.00001520
643	1140.463255	0.00001372	631.756836	0.00000760
644	1520.617674	0.00001830	2842.905763	0.00003421
645	2471.003721	0.00002974	473.817625	0.00000570
646	1520.617674	0.00001830	3000.844973	0.00003611
647	1900.772092	0.00002287	2527.027345	0.00003041
648	2661.080930	0.00003202	631.756838	0.00000760
649	950.386046	0.00001144	1737.331299	0.00002091
650	1330.540464	0.00001601	1421.452880	0.00001710
651	760.308836	0.00000915	1105.574462	0.00001330
652	1710.694883	0.00002059	2053.209717	0.00002471
653	1140.463255	0.00001372	1105.574463	0.00001330
654	1520.617675	0.00001830	947.635255	0.00001140
655	760.308838	0.00000915	1737.331299	0.00002091
656	2661.080930	0.00003202	6317.568366	0.00007602
657	380.154419	0.00000457	631.756837	0.00000760
658	380.154419	0.00000457	1421.452880	0.00001710
659	1140.463255	0.00001372	3790.541019	0.00004561
660	950.386047	0.00001144	1421.452882	0.00001710
661	2471.003720	0.00002974	631.756838	0.00000760
662	950.386045	0.00001144	947.635255	0.00001140
663	2090.849302	0.00002516	7581.082040	0.00009122
664	570.231627	0.00000686	1421.452880	0.00001710
665	1330.540467	0.00001601	2053.209719	0.00002471
666	760.308835	0.00000915	3158.784182	0.00003801
667	2090.849302	0.00002516	4580.237065	0.00005511
668	2280.926511	0.00002745	2842.905764	0.00003421
669	1900.772092	0.00002287	4264.358646	0.00005131
670	950.386046	0.00001144	789.696044	0.00000950
671	760.308835	0.00000915	1105.574463	0.00001330
672	760.308835	0.00000915	789.696045	0.00000950
673	2471.003721	0.00002974	9476.352550	0.00011403
674	1330.540464	0.00001601	1737.331301	0.00002091
675	760.308835	0.00000915	1421.452882	0.00001710
676	1520.617674	0.00001830	1105.574463	0.00001330
677	1710.694884	0.00002059	1105.574464	0.00001330
678	760.308835	0.00000915	631.756838	0.00000760
679	760.308835	0.00000915	631.756834	0.00000760
680	950.386046	0.00001144	1421.452882	0.00001710
681	2661.080931	0.00003202	2211.148929	0.00002661
682	1140.463254	0.00001372	3158.784182	0.00003801
683	2280.926511	0.00002745	315.878418	0.00000380
684	1330.540464	0.00001601	3948.480228	0.00004751
685	950.386045	0.00001144	473.817627	0.00000570
686	1900.772093	0.00002287	473.817628	0.00000570
687	1520.617673	0.00001830	631.756834	0.00000760
688	1330.540464	0.00001601	5685.811529	0.00006842
689	760.308835	0.00000915	2053.209717	0.00002471
690	760.308836	0.00000915	1737.331299	0.00002091
691	760.308836	0.00000915	1579.392090	0.00001900
692	570.231627	0.00000686	1263.513671	0.00001520
693	950.386045	0.00001144	473.817627	0.00000570
694	1900.772093	0.00002287	1579.392090	0.00001900
695	1330.540464	0.00001601	473.817625	0.00000570
696	1330.540464	0.00001601	2053.209718	0.00002471
697	1140.463255	0.00001372	5054.054692	0.00006082
698	760.308836	0.00000915	1105.574464	0.00001330
699	950.386047	0.00001144	2211.148927	0.00002661
700	3611.466976	0.00004346	3316.723391	0.00003991
701	1900.772093	0.00002287	1737.331299	0.00002091
702	760.308837	0.00000915	2369.088136	0.00002851
703	950.386046	0.00001144	473.817625	0.00000570
704	2280.926511	0.00002745	947.635254	0.00001140
705	950.386047	0.00001144	789.696046	0.00000950
706	2471.003720	0.00002974	6475.507575	0.00007792
707	1330.540465	0.00001601	1421.452880	0.00001710
708	760.308835	0.00000915	631.756834	0.00000760
709	1140.463256	0.00001372	1579.392090	0.00001900
710	950.386048	0.00001144	947.635253	0.00001140
711	570.231627	0.00000686	5369.933111	0.00006462
712	950.386046	0.00001144	789.696044	0.00000950
713	570.231626	0.00000686	473.817625	0.00000570
714	950.386046	0.00001144	789.696046	0.00000950
715	760.308836	0.00000915	789.696047	0.00000950
716	1140.463254	0.00001372	631.756834	0.00000760
717	2471.003722	0.00002974	1737.331301	0.00002091
718	760.308836	0.00000915	1737.331300	0.00002091
719	570.231626	0.00000686	631.756834	0.00000760
720	2280.926510	0.00002745	4422.297855	0.00005321
721	1140.463255	0.00001372	1737.331299	0.00002091
722	760.308835	0.00000915	631.756836	0.00000760
723	760.308836	0.00000915	631.756834	0.00000760
724	1520.617673	0.00001830	1579.392091	0.00001900
725	1330.540464	0.00001601	2684.966554	0.00003231
726	1520.617673	0.00001830	1579.392090	0.00001900
727	2280.926511	0.00002745	7265.203621	0.00008742
728	1520.617673	0.00001830	3948.480229	0.00004751
729	950.386046	0.00001144	1737.331299	0.00002091
730	1520.617673	0.00001830	947.635256	0.00001140
731	2280.926511	0.00002745	4896.115483	0.00005892
732	570.231626	0.00000686	315.878418	0.00000380
733	1520.617673	0.00001830	1421.452881	0.00001710
734	3611.466977	0.00004346	1421.452883	0.00001710
735	2280.926510	0.00002745	473.817625	0.00000570
736	2090.849301	0.00002516	2842.905764	0.00003421
737	950.386046	0.00001144	1737.331301	0.00002091
738	1900.772094	0.00002287	1263.513672	0.00001520
739	2280.926511	0.00002745	1263.513672	0.00001520
740	950.386045	0.00001144	2369.088136	0.00002851
741	950.386045	0.00001144	7265.203621	0.00008742
742	760.308836	0.00000915	1263.513672	0.00001520
743	1710.694883	0.00002059	7739.021249	0.00009312
744	380.154419	0.00000457	4422.297856	0.00005321
745	1140.463254	0.00001372	631.756834	0.00000760
746	380.154419	0.00000457	4106.419437	0.00004941
747	570.231626	0.00000686	631.756836	0.00000760
748	760.308835	0.00000915	631.756834	0.00000760
749	950.386046	0.00001144	3948.480228	0.00004751
750	760.308835	0.00000915	1263.513672	0.00001520
751	2851.158139	0.00003431	2369.088138	0.00002851
752	570.231627	0.00000686	473.817625	0.00000570
753	1140.463256	0.00001372	1579.392091	0.00001900
754	760.308835	0.00000915	1579.392090	0.00001900
755	1140.463255	0.00001372	947.635253	0.00001140
756	570.231626	0.00000686	2053.209717	0.00002471
757	570.231627	0.00000686	1263.513673	0.00001520
758	950.386046	0.00001144	3316.723392	0.00003991
759	950.386049	0.00001144	1737.331301	0.00002091
760	570.231626	0.00000686	631.756834	0.00000760
761	1330.540464	0.00001601	1421.452881	0.00001710
762	950.386046	0.00001144	473.817625	0.00000570
763	950.386045	0.00001144	631.756834	0.00000760
764	5512.239071	0.00006633	2842.905763	0.00003421
765	950.386046	0.00001144	631.756834	0.00000760
766	950.386046	0.00001144	473.817625	0.00000570
767	1330.540465	0.00001601	1263.513672	0.00001520
768	570.231626	0.00000686	1421.452882	0.00001710
769	1710.694883	0.00002059	5054.054693	0.00006082
770	570.231629	0.00000686	1421.452880	0.00001710
771	1330.540464	0.00001601	631.756837	0.00000760
772	3231.312558	0.00003889	1105.574462	0.00001330
773	1520.617675	0.00001830	1421.452881	0.00001710
774	1520.617673	0.00001830	1263.513672	0.00001520
775	2851.158141	0.00003431	3948.480229	0.00004751
776	760.308835	0.00000915	473.817628	0.00000570
777	760.308837	0.00000915	1105.574465	0.00001330
778	760.308835	0.00000915	631.756834	0.00000760
779	760.308835	0.00000915	473.817625	0.00000570
780	1140.463255	0.00001372	2684.966556	0.00003231
781	1140.463255	0.00001372	631.756836	0.00000760
782	3231.312557	0.00003889	789.696045	0.00000950
783	950.386048	0.00001144	1579.392090	0.00001900
784	1330.540465	0.00001601	1105.574463	0.00001330
785	380.154419	0.00000457	789.696045	0.00000950
786	2090.849302	0.00002516	947.635254	0.00001140
787	1710.694883	0.00002059	3000.844974	0.00003611
788	380.154419	0.00000457	1579.392090	0.00001900
789	2280.926512	0.00002745	2842.905763	0.00003421
790	1140.463255	0.00001372	2527.027345	0.00003041
791	1140.463255	0.00001372	1421.452880	0.00001710
792	3041.235349	0.00003660	1737.331299	0.00002091
793	1520.617674	0.00001830	947.635254	0.00001140
794	760.308836	0.00000915	8528.717295	0.00010263
795	3231.312557	0.00003889	7107.264412	0.00008552
796	3611.466976	0.00004346	2527.027347	0.00003041
797	570.231626	0.00000686	1737.331299	0.00002091
798	760.308835	0.00000915	473.817625	0.00000570
799	1520.617673	0.00001830	789.696047	0.00000950
800	570.231626	0.00000686	1263.513671	0.00001520
801	1330.540464	0.00001601	1895.270508	0.00002281
802	760.308835	0.00000915	631.756836	0.00000760
803	570.231626	0.00000686	1105.574462	0.00001330
804	570.231629	0.00000686	3158.784182	0.00003801
805	760.308836	0.00000915	1421.452881	0.00001710
806	2090.849302	0.00002516	4896.115484	0.00005892
807	1900.772092	0.00002287	6159.629157	0.00007412
808	1140.463255	0.00001372	2053.209719	0.00002471
809	1710.694886	0.00002059	2211.148928	0.00002661
810	760.308835	0.00000915	2053.209717	0.00002471
811	1900.772092	0.00002287	2527.027345	0.00003041
812	2851.158138	0.00003431	2211.148926	0.00002661
813	950.386046	0.00001144	2211.148926	0.00002661
814	950.386046	0.00001144	2527.027345	0.00003041
815	950.386045	0.00001144	1421.452881	0.00001710
816	1710.694884	0.00002059	1263.513672	0.00001520
817	1140.463254	0.00001372	947.635254	0.00001140
818	1330.540465	0.00001601	1579.392091	0.00001900
819	1520.617674	0.00001830	789.696044	0.00000950
820	1140.463255	0.00001372	473.817625	0.00000570
821	1330.540465	0.00001601	1737.331299	0.00002091
822	760.308835	0.00000915	1421.452880	0.00001710
823	570.231626	0.00000686	3158.784182	0.00003801
824	950.386046	0.00001144	789.696044	0.00000950
825	950.386045	0.00001144	2842.905763	0.00003421
826	570.231627	0.00000686	1263.513672	0.00001520
827	950.386046	0.00001144	789.696044	0.00000950
828	1330.540465	0.00001601	1263.513674	0.00001520
829	760.308836	0.00000915	1421.452881	0.00001710
830	950.386046	0.00001144	1895.270508	0.00002281
831	2090.849302	0.00002516	473.817625	0.00000570
832	950.386045	0.00001144	473.817625	0.00000570
833	760.308838	0.00000915	947.635253	0.00001140
834	950.386046	0.00001144	631.756837	0.00000760
835	570.231626	0.00000686	1105.574463	0.00001330
836	380.154419	0.00000457	789.696047	0.00000950
837	3041.235348	0.00003660	10108.109387	0.00012163
838	2090.849302	0.00002516	473.817625	0.00000570
839	760.308835	0.00000915	631.756836	0.00000760
840	380.154419	0.00000457	473.817625	0.00000570
841	380.154419	0.00000457	1895.270509	0.00002281
842	950.386046	0.00001144	789.696047	0.00000950
843	950.386047	0.00001144	789.696044	0.00000950
844	570.231629	0.00000686	947.635254	0.00001140
845	2471.003720	0.00002974	473.817628	0.00000570
846	1710.694883	0.00002059	1105.574462	0.00001330
847	950.386046	0.00001144	473.817627	0.00000570
848	950.386046	0.00001144	1579.392092	0.00001900
849	1140.463255	0.00001372	473.817628	0.00000570
850	950.386046	0.00001144	1579.392090	0.00001900
851	570.231626	0.00000686	2684.966554	0.00003231
852	2090.849302	0.00002516	1263.513674	0.00001520
853	2661.080930	0.00003202	1737.331300	0.00002091
854	950.386046	0.00001144	1263.513672	0.00001520
855	950.386046	0.00001144	789.696044	0.00000950
856	380.154419	0.00000457	631.756834	0.00000760
857	570.231627	0.00000686	5211.993902	0.00006272
858	1710.694884	0.00002059	2684.966555	0.00003231
859	570.231626	0.00000686	1263.513671	0.00001520
860	1900.772092	0.00002287	4580.237065	0.00005511
861	2471.003720	0.00002974	3632.601810	0.00004371
862	380.154419	0.00000457	3632.601809	0.00004371
863	950.386045	0.00001144	1421.452881	0.00001710
864	1140.463254	0.00001372	473.817628	0.00000570
865	1140.463255	0.00001372	631.756834	0.00000760
866	950.386046	0.00001144	789.696044	0.00000950
867	1710.694882	0.00002059	3158.784182	0.00003801
868	950.386046	0.00001144	2369.088136	0.00002851
869	950.386047	0.00001144	7265.203621	0.00008742
870	1710.694884	0.00002059	789.696046	0.00000950
871	1140.463254	0.00001372	631.756834	0.00000760
872	760.308835	0.00000915	1737.331299	0.00002091
873	570.231629	0.00000686	473.817625	0.00000570
874	570.231626	0.00000686	1263.513672	0.00001520
875	570.231627	0.00000686	2684.966554	0.00003231
876	570.231626	0.00000686	789.696045	0.00000950
877	950.386045	0.00001144	1105.574462	0.00001330
878	950.386045	0.00001144	947.635253	0.00001140
879	1330.540464	0.00001601	473.817625	0.00000570
880	570.231626	0.00000686	1105.574463	0.00001330
881	950.386046	0.00001144	631.756834	0.00000760
882	380.154419	0.00000457	473.817628	0.00000570
883	570.231626	0.00000686	1263.513671	0.00001520
884	950.386046	0.00001144	631.756836	0.00000760
885	1520.617675	0.00001830	2211.148928	0.00002661
886	1140.463256	0.00001372	3000.844973	0.00003611
887	760.308835	0.00000915	473.817625	0.00000570
888	570.231629	0.00000686	1263.513671	0.00001520
889	760.308835	0.00000915	473.817625	0.00000570
890	760.308836	0.00000915	1421.452880	0.00001710
891	950.386045	0.00001144	2842.905764	0.00003421
892	1710.694883	0.00002059	2053.209718	0.00002471
893	760.308836	0.00000915	5054.054692	0.00006082
894	1330.540464	0.00001601	1895.270508	0.00002281
895	570.231627	0.00000686	2527.027345	0.00003041
896	2471.003721	0.00002974	631.756834	0.00000760
897	760.308836	0.00000915	947.635256	0.00001140
898	760.308836	0.00000915	631.756836	0.00000760
899	570.231629	0.00000686	631.756838	0.00000760
900	570.231626	0.00000686	631.756834	0.00000760
901	570.231626	0.00000686	1263.513672	0.00001520
902	760.308836	0.00000915	4264.358646	0.00005131
903	570.231626	0.00000686	1421.452881	0.00001710
904	1710.694882	0.00002059	631.756834	0.00000760
905	570.231626	0.00000686	2053.209718	0.00002471
906	570.231626	0.00000686	1105.574462	0.00001330
907	570.231626	0.00000686	947.635253	0.00001140
908	950.386047	0.00001144	1105.574462	0.00001330
909	570.231626	0.00000686	473.817625	0.00000570
910	1520.617674	0.00001830	2211.148927	0.00002661
911	1140.463255	0.00001372	1421.452882	0.00001710
912	950.386047	0.00001144	631.756837	0.00000760
913	760.308836	0.00000915	1263.513672	0.00001520
914	760.308835	0.00000915	947.635253	0.00001140
915	380.154419	0.00000457	473.817625	0.00000570
916	1900.772094	0.00002287	1579.392091	0.00001900
917	1330.540464	0.00001601	947.635253	0.00001140
918	760.308836	0.00000915	789.696044	0.00000950
919	1140.463254	0.00001372	631.756834	0.00000760
920	760.308836	0.00000915	947.635254	0.00001140
921	950.386047	0.00001144	947.635255	0.00001140
922	950.386045	0.00001144	473.817625	0.00000570
923	1330.540465	0.00001601	1421.452882	0.00001710
924	570.231626	0.00000686	789.696044	0.00000950
925	1710.694884	0.00002059	1263.513674	0.00001520
926	950.386046	0.00001144	4896.115484	0.00005892
927	760.308835	0.00000915	789.696044	0.00000950
928	570.231626	0.00000686	3000.844973	0.00003611
